64x64
19085,-31415,37773,19785,8247,-58747,3243,57315,-4983,-52247,54709,-24669,40225,-61393,-43461,6349,-47469,12713,-35549,22607,-10283,1043,44225,-1947,54729,51661,64135,-60123,-61427,38669,4603,32817,28219,12761,-6459,41869,50577,-1719,-40257,-15545,-33251,40299,-53205,11729,-61283,-32431,-999,62197,7179,21229,25901,46449,-42207,47865,-27513,16699,-11737,-61673,-34927,-14827,45179,47951,30549,-13953
-15197,41539,5271,51,-56625,-53705,7031,-40041,20819,23157,53275,-10909,-39933,64825,5957,-6235,11801,43255,-46443,33901,15323,53771,1979,40347,31403,-12913,34917,-3721,-11991,59413,-60305,-47161,-45579,-57521,21599,-33911,26439,37941,-32699,13287,-16013,-31885,61129,12653,-359,-1207,36733,33683,-38515,-17669,57021,-21131,62471,-40821,-50393,-35393,20713,-49903,63151,-20883,-35909,56039,45795,-24845
30267,21959,53921,-29803,-13093,21201,21521,-47949,-48269,-51261,-12789,-39279,48729,8273,-17071,-64271,-43383,10503,53345,52177,-37725,-48813,-17653,-6525,-11543,-14311,58601,-6025,5969,-4645,-7823,59835,-38229,-6527,-50879,-16119,-48809,42827,-27961,-46383,58187,48581,9005,32645,-45953,10107,-63573,-51469,-36689,-307,-37475,-42971,55109,-54629,-62457,32413,-23313,-49247,-41757,16159,23907,22107,39467,49555
53183,-49785,22073,3447,-63251,-1371,-38331,62123,63701,-10651,43139,33503,22459,61179,7917,-34035,-35803,6823,1739,-56521,57295,54327,46403,-32555,-64765,35647,-1571,9865,8493,18191,20621,29793,-17793,59629,30687,-653,-29141,37527,-49415,-49823,-27169,28891,32373,-32191,36135,-49389,64207,-33969,28355,61763,-13551,52041,-29335,52847,4857,44107,-18805,-35437,-64909,-21387,24799,3533,-56363,-45459
-13099,53033,165,31705,17039,-12163,-4941,-61133,63015,-11813,36301,-7417,-58975,32257,45765,-7953,-36579,-48569,17201,-33417,64697,22467,3243,61621,29279,1353,7861,17699,14029,6347,50059,9751,58451,30207,-207,62977,-56025,-4373,37181,-25449,-34289,21595,-48961,46681,-7003,14871,-3573,-15457,-62157,27781,-9243,-14059,-21681,-4077,36873,38049,3417,-33127,24309,29165,42187,-49409,48075,21927
-27243,32985,21245,-32097,-19705,37165,30535,-52401,24083,20681,64269,23965,-60153,-34097,-24437,4821,-40111,-48871,41883,24431,40285,-33807,1763,14603,-49813,11061,-19855,13759,43361,-37575,-17529,-28787,-32431,-3349,-49615,60683,51709,-48775,-36845,-13269,-54247,2887,32241,-25271,-59433,64475,-41657,47721,-23239,-48517,33685,-2779,-41765,-55069,13645,-36373,60325,-1927,89,-4289,6335,-19407,64109,19701
-26361,-30717,-37849,-35855,-20263,35481,-23301,-45841,-10571,-59111,37371,16333,-4815,-47533,-6783,43695,11699,34257,42159,-50761,-55355,55517,-9213,16469,-23399,18245,9283,-15457,-65029,-12301,30747,22593,-54221,50223,-58143,61483,-507,-51491,49761,46749,15583,-23445,-42701,885,9683,-39749,-52655,12695,50977,41937,12893,49547,54583,-31823,64047,27491,-33703,53239,54425,-15431,42675,29687,-27489,17113
-10569,38365,-51279,-44153,53879,58141,52349,-38189,-55205,25277,-27649,13161,-43953,2951,57157,41161,-49007,50949,36299,23409,-21305,11065,60725,29763,-63189,-22569,8477,-56117,-36073,64895,-58669,-9609,57861,10805,-49251,16315,-48337,38857,27259,-63049,-25629,-50229,-32875,-55367,-11739,-33739,-28617,6763,-32317,-59095,51587,65097,57315,-59399,44493,55507,15803,61731,-22253,-54393,34485,-61397,-34957,-64513
16585,-32121,-34725,-25155,-12381,751,43881,43457,5807,21209,29419,-6167,-32565,-23825,-2833,-31697,19277,52809,-40403,21015,-20191,-3367,36087,-1885,41977,-39075,63677,45429,49857,27427,3213,-50633,-2847,63937,-38341,-55207,61337,41127,38363,-30091,2815,10719,10627,-25403,-43897,32239,-63777,-6969,-5619,-52055,14931,18643,-40297,48849,-14423,19237,48577,-63957,47291,27479,-43361,49763,-39679,-55355
-14819,-13287,-30075,8937,7197,59153,-34499,-31927,18169,-21079,9751,-2961,-15619,36203,38713,34613,60765,46659,-44153,43337,25625,-10315,-14345,-52913,7703,43915,-33141,-16365,19787,49411,-61381,27619,14211,-15931,28123,-30041,62129,-27215,-23223,29265,27267,-7051,-7705,-53643,-64023,-3253,-9375,-9953,38967,-37719,-13589,-61207,-61945,47511,-10493,64777,-17771,-19203,-42633,28223,-57071,47455,-40585,55417
12145,-13185,-25709,-8741,-30801,-5783,1705,17249,51227,-20491,-3439,-56725,-30573,33585,-50005,60165,-62205,-57579,-30663,-42221,20227,-26115,54389,-20317,36627,-38273,-24095,-23537,62033,3839,-15643,21833,-37375,-1255,20095,-28643,20581,-37893,9793,-29017,26075,22885,19687,59177,38915,12759,25873,-30135,43333,-48661,45783,28827,-61643,20151,61295,54679,-61741,5655,29037,60521,-47801,-53613,35379,-41505
-3683,-19783,-24535,-64009,27389,-48991,55927,-62957,22425,18851,-16529,-51513,-55761,48741,-53353,-40273,-8181,61465,-49177,10237,-31947,10125,-16341,28885,-1991,32715,2357,-27247,20093,9441,-38559,27849,-52797,56011,46021,34167,30195,62871,54395,-54819,-50425,-47523,23715,64931,9453,34395,-62097,59103,35307,-983,64377,-61841,-33955,4687,2781,14481,52231,5315,14627,21449,-13989,35327,-57857,9829
-15885,14627,16579,-2177,-11657,45403,3789,-2681,38115,-58237,47625,55559,-18083,-18429,-14805,-42337,35821,-16183,-2915,-23757,-28141,-54139,-16899,21395,-64957,25653,8457,59557,3881,28541,-11235,-6205,52787,53795,-53735,-37281,-60679,-27995,41599,29119,-5773,42907,-62655,-16929,-23921,17987,60749,-11001,59945,-23955,41501,-42919,-54195,22387,26323,-3331,-14893,53339,-42659,54017,-44571,-39063,-54217,54551
-56491,-36023,42207,33111,41155,49453,49715,-2341,-17225,-26313,58367,-10145,21813,-45223,-45835,15717,-14281,37267,35897,7469,43383,-58591,6655,-6759,55909,31865,-48439,-29007,10079,-7727,23469,-10971,29745,-31985,-48329,55821,-1055,-26107,-21715,-62495,47033,-51161,28463,-20111,-28727,-9417,-1337,-55873,1591,-56105,-34467,-6553,35201,42959,-44919,10577,-20483,12953,-63061,39141,11619,939,65397,43269
52473,21271,11239,-35589,60619,-42419,-40685,-58999,26199,-58513,-5533,-49371,39513,31711,-25651,49045,3651,23897,-16511,50589,-62457,-35355,-61585,-59075,-9253,7261,15431,36183,33037,51045,6117,-9451,-44737,56389,-29985,17077,-24237,28485,30265,54339,45481,12765,-11725,7747,-4539,-57921,-17517,51179,33901,19159,38771,-52271,-9175,-62563,-39405,-40665,11301,-47523,31113,19125,65235,6183,45029,-54449
-58307,-4609,-55463,4371,-57943,8733,-7433,-7269,60791,-34295,-7739,23981,-54139,-21529,61265,-55077,-55265,-10539,-41667,25393,21215,53733,28347,61093,-62307,-61873,22851,-34345,63515,11093,-3093,-11873,-47851,26087,16017,-3747,-50841,37909,-49409,48997,-19137,26677,45717,46327,64217,-49905,-33619,10589,55281,34125,-19215,-50763,-33307,-55529,-42535,-20803,59453,-40247,24233,56451,32987,-65159,-34175,38587
7461,32821,-48421,16245,16347,-32231,-59209,-41907,-9537,16009,-14037,-59347,12819,-20761,-15117,24029,28861,-13567,54033,-47785,15133,-56315,-12941,27797,62879,2393,-16799,-13457,63253,63037,-41081,31453,-30583,50295,-12799,43447,36843,57233,397,-1697,64009,56323,37899,-29175,-1313,-35293,55367,-28807,-37325,52085,-19191,33503,16393,-41441,21775,-33803,62149,45401,44361,-7641,-31787,-55653,27033,58013
-64515,45491,-17123,60033,-57869,15651,-62837,64113,35347,8899,-50431,42469,-14045,7399,43855,-387,-1505,10543,2611,49465,51267,-4519,4939,-14175,55637,41421,-14083,-45941,4621,10925,58471,31911,55993,-8125,19489,8333,-45197,3449,-28003,-22905,57649,49869,-43589,24225,-19305,-56939,41261,54619,35001,21757,58009,-65321,4619,47443,-47619,57109,-53619,-58829,-6529,-24573,14277,-30293,-48705,26473
27383,-17861,29641,-11069,29273,-31069,7367,31221,87,-34047,-38945,-49893,36453,-21085,52737,3257,-41257,-42289,48737,-56729,-24513,-31319,65497,20147,-6899,-10937,-46827,57805,50903,35913,20481,45015,-23047,30711,17995,-56613,-56679,25205,17423,24519,-54159,33023,-54781,5075,-23095,-46683,-481,50349,34633,64819,26687,11829,-12641,-48683,4951,54233,-31095,-22679,-367,8713,-21151,49731,-2759,-36367
40335,33029,46713,11113,6263,-42485,-28055,-61017,-9289,-14691,40493,-64563,22853,-4777,-581,-61571,44187,-44741,-62391,31007,7633,45961,21953,-59655,5275,-61021,-16017,27319,-40367,-13255,-14901,-15247,57353,-12417,39559,-37015,-36681,59013,26795,54831,-57329,41253,55297,30895,-44265,919,-14083,-39957,55929,37329,-37883,-12121,-21615,51943,-46471,-55205,20123,-16065,8057,23209,-48033,-29405,57457,22325
34593,54065,35705,3917,-13233,-32017,-51237,-60387,-47483,-15055,-52439,49277,-21385,-17971,14883,60723,2215,9253,6145,-63519,14115,-55595,-50861,18403,-10261,-30967,17583,25895,6567,25845,11043,-51211,39617,-56403,-1379,26331,-1083,-48595,-29511,-11849,-34111,10631,43515,-13127,43769,-4735,-15609,-64079,-32985,-5105,-1053,13117,-55539,-18415,-36361,8295,-29029,31273,-38027,47725,-29261,-9679,-5849,3257
-38613,-37223,-7267,-34353,2691,16823,-31823,56035,-21777,-54067,15641,-34507,-39119,-15255,59457,-46439,27747,-55523,-14269,-19145,-47491,-19795,28865,50741,10741,53853,-49603,-63589,8145,-4903,-19887,58927,-34495,43819,59593,-50597,-61673,-29281,-8305,-55811,-64815,-19617,20235,44713,16745,-35745,2285,-58305,28531,13421,65101,-8073,53921,32537,-27337,27103,-9479,12713,38381,-50859,-10787,-16867,-34327,44255
-12167,50273,-64033,-52349,55127,57527,-34075,22445,28651,52283,-25991,41621,-56641,64269,24815,-54277,17913,-61011,26321,-37861,-48873,12897,42351,21989,21665,-51167,63135,-28805,52963,-3935,63937,-37667,-57029,-29035,-16221,-54113,-34591,-6119,57059,28635,-17463,-23893,34371,-16629,-42205,-51359,-15633,51725,-38823,-27741,-23401,50723,-39343,-49445,35917,28251,21669,17837,43435,-37113,14481,-10107,-59789,43697
36189,-61767,34775,-39761,12623,-33331,-59067,323,553,3939,-51423,-43407,7215,-31007,6675,-3941,35539,-43801,-61611,29785,45553,36109,41095,-48191,-54505,59675,-39579,-20827,56953,-56309,-46843,-8945,-57609,-4715,-6653,62627,27957,-10099,-62957,-49479,55797,42001,45653,16095,-19099,64607,15953,24405,60391,60345,-62671,38329,-10615,56627,-24657,41717,-6349,-14391,-30321,-2243,-13073,32747,-48197,32369
29695,44709,-55333,38059,37653,30535,12337,-59683,56393,45679,-1431,-63011,27487,22951,8273,53075,-21263,64583,57907,60569,30029,-39157,-4729,18653,47465,-7141,-9553,6791,-16651,50111,30379,12107,8351,-19217,57603,55051,34569,-16763,13633,30137,-5971,-16763,8303,25403,59163,-433,-60503,-16725,63443,36201,9781,31557,15137,-48625,-4823,-54159,39597,-60035,-21571,10901,50157,-39809,-17097,-30307
-30729,-41545,34513,-54607,48495,-53327,-62565,-20125,50829,-22147,-41199,25835,44339,21217,-42027,1313,-11467,23523,57905,-40965,-51413,47955,42665,62293,41671,-1929,-40871,-44119,-35675,59265,-53303,14417,-25251,-39649,53181,-7981,14083,-3281,-16259,-41171,-39811,15767,38039,-34597,23111,-48915,-34957,-135,-32517,56639,49507,45433,-10541,-7943,9881,11169,27619,-56167,-23227,-49277,33319,-63765,62463,-39103
60753,53745,38495,30953,21801,-51293,31845,1227,-7261,-4525,-17663,13019,57329,-17385,-30785,8745,57449,-40967,-5339,60619,31057,55523,24991,14491,-38697,55161,38757,51541,-42543,34341,-57177,-22283,24257,65107,-35063,56711,-52737,-49571,-56381,46551,41199,-9791,-59735,-31331,8827,-65229,-22529,19053,23755,-40943,-9983,64239,-17569,-45389,-9903,-38253,-19327,37239,-42007,-58717,-14929,-27771,-64927,-1813
6745,-5607,11213,-6831,-56291,60299,16491,-38297,-32857,38171,28327,56353,23361,-52315,34667,-15255,50387,11609,19587,25155,21393,-24011,22173,42879,49991,43587,20523,-35217,29617,43023,-19089,46331,5953,-15437,-55621,-24215,5725,22235,39057,46807,-48629,61595,46127,-13255,50865,54251,-56233,-16749,53485,-16523,36917,-18957,-38473,33671,20817,55537,-3459,65161,-43985,-9869,8597,-10041,-65073,-27409
-8313,-54001,7909,36607,-51129,-16473,-26261,-41649,59417,-53167,73,51001,-18473,42743,-63659,-52287,39291,-20441,-14819,35947,-56449,-49569,-16385,1773,-17585,-40115,18197,-2669,-21373,-8173,-53087,42123,55999,-35131,-31105,-5675,-21613,-44007,5103,47241,29985,-4855,-5551,-23583,-54341,-64611,-58759,-7969,34413,33759,-13045,48385,-2659,-57459,22025,-19765,10747,18835,38519,-16411,-35927,20399,-24819,-63009
54191,-8837,47011,-37421,-52313,6259,17141,1029,1677,12329,63143,45745,-4259,58193,21905,-3657,9083,37401,65497,-44181,-30495,34605,62119,1057,13543,-46463,23597,-16343,59991,-50297,-1263,14979,-31595,15289,-53731,17025,-46195,4217,-32065,-10523,20353,-17125,15739,42279,-5321,31091,48001,29031,-38681,9987,-46547,-23469,-48693,25605,43107,-41671,17533,43309,63249,-1663,-30221,42373,7369,55331
12985,-51127,-54231,-63687,11187,6851,-52529,-17311,-34117,41737,-3337,21129,-15915,-26661,-25139,-63797,50027,-62087,22185,42287,59087,37555,-43199,29747,-697,30293,-62701,1173,-65443,-10755,-5957,32899,22149,-32437,30825,-31549,15421,64359,30641,-44225,17679,5671,-38997,-58055,-29333,33445,32999,6877,60061,17955,-17597,12829,14621,47691,-2499,10991,-16741,42547,43263,-52593,-52213,-20443,-42377,-55397
-51099,28225,-19721,37285,4685,-21921,-41871,55355,32161,10029,-48963,-57813,27151,-52281,22289,-46035,-56969,63039,63827,7195,-43811,-32539,-51481,18603,64827,-26071,-8261,-25627,-6737,-40851,-35123,33911,-64497,27951,-45975,34039,46943,391,28539,20005,-24175,16751,-53753,45791,-18013,28563,18581,31495,13359,-62553,-7929,35787,-60455,60473,57083,-31233,6089,-11323,14959,28415,18853,16371,46227,29657
-9407,35411,34241,-29355,-18667,47025,-63437,16599,-57823,1493,-61027,17445,7739,59847,25191,-32537,-17079,-62293,-35351,6627,46113,-60461,24103,35957,38743,7127,2241,-15713,30677,26813,39453,-57885,7161,42821,55867,-24127,41551,19113,48789,34949,-60191,45967,43051,-65143,40623,-52165,-4135,-26603,42147,-55167,3227,-12471,-11301,59671,8473,-1585,-26765,-63541,-27513,-57041,31415,57997,64371,36929
51139,-58201,-759,26423,-29415,24091,-35565,-51303,-62171,59065,63149,22359,10623,-34749,-34681,58517,26267,-30091,63429,-4787,24477,-38947,-6831,23565,-27087,33281,-40241,58501,9299,-2295,-36591,-563,-15593,19037,25673,-55555,-35059,-65457,9367,32007,37661,45005,-2857,-40061,-62521,-57015,-53739,-47337,-63249,30175,51007,13689,46335,-51171,63043,2451,39057,48383,22417,-55087,44371,30061,-38091,22863
-25273,35585,12629,-8765,13789,28591,40531,49015,-29055,40523,-26473,-10015,-21745,24007,-6753,11995,-45353,423,39213,-20175,62897,-32203,18175,16661,4697,40637,-18505,28329,22063,-49551,-38591,7803,22873,6921,65143,45929,5439,-64645,28159,40991,37373,-13627,-40139,-61613,56993,26367,-53235,35213,45879,-50845,-35743,36125,37943,505,36997,24733,9637,44919,62515,34199,42385,11267,-17827,12209
12325,-60705,-14923,-6611,-27621,28097,-11965,32443,-39029,-16177,18771,-63373,34239,313,26815,65075,-59837,-41081,34127,-49819,48365,49009,64131,65301,7661,60805,-55949,34785,-61881,-46147,-40817,-52141,-55249,11269,-48353,-28763,35425,10207,-8807,25971,-19471,-19811,-29347,-11269,6931,36467,31985,53839,-22723,-16327,-62083,-36171,-7273,-11551,56419,18667,33863,36153,51905,37617,-41651,-34443,-64593,-19845
-11489,-23105,41363,-675,58861,29853,17885,57123,-14459,-60463,-77,-43831,-43655,-32313,16747,9723,39105,-64819,-9683,-2959,-46705,18871,53883,50087,-49891,6929,-60429,-25559,-43639,32175,45753,-13551,-6225,46261,16057,-61355,-62237,52601,-54029,-7843,-22129,55451,-62563,-45299,48969,49549,-34895,59877,843,23507,38077,-51589,44459,59271,52213,-19665,50069,48151,-11885,2481,27625,-18681,21345,-56813
63825,-22655,6245,51441,-20049,-46125,-65373,-19687,19999,-5457,41945,21151,-34731,65289,64759,4343,-12673,-2127,45695,-1185,22999,-35617,-10957,65073,-23811,-34207,34349,-48291,-32259,9831,20553,12701,-34243,20103,-17187,-37405,-46167,-50853,33781,28407,-49263,17335,-11395,56347,59145,-40991,44789,-22085,-43449,-40801,29109,16677,-81,16829,-59677,34047,44743,-4749,20809,-11789,43361,-32581,-31721,58311
-40535,-32539,16287,65495,58639,37017,35553,-2801,47805,-55467,-57631,-54373,-14163,-2269,21075,3039,-33537,21011,40625,-11589,-64037,-46745,-5655,-6087,8483,-29075,-33149,47741,-24971,13675,-56347,34729,40265,34931,38755,-53483,65105,62851,-17263,-10169,17331,61235,-45043,-34309,20961,42705,15359,-63805,55883,47997,26949,25463,-36965,-61151,22195,-51735,23449,58035,-20901,58915,-37259,48925,20981,-13513
41867,-55911,13601,-44357,25189,10471,-26231,56603,-29701,63179,-64475,-8003,41249,55739,-7917,-19823,-48029,49953,-61537,24519,11109,-50083,323,-63043,9267,42457,37781,28671,63807,57897,-41311,-25991,35133,20593,-43977,-5693,13041,43161,-65425,28955,133,-44315,18285,35949,-35725,-63703,-1113,-14049,-52959,-37105,-57973,-33543,-23255,-56245,38757,-22199,609,22941,42121,-36063,-35319,24491,-837,-33983
64115,64051,33853,60733,35653,-28091,-3617,31069,-1369,-57599,20585,-42591,-41115,60745,47489,151,60641,3479,29709,-48589,-61737,-48785,46843,-40563,-37033,48381,60169,1345,3143,-45983,31657,50309,-45771,52363,4259,27621,-21635,-20301,58169,-62531,-23147,53625,50869,55825,-12503,42991,33861,5161,-24827,-57513,28195,925,26577,1721,-37737,-54911,53275,-8083,-54795,-40993,16589,-35891,42283,-8135
-10753,28867,-39867,60091,-64591,-50153,-1867,24679,11853,-1551,15337,34525,-40597,-24373,-37869,-40397,-63263,56499,-14353,20021,-26573,23541,-44837,24985,-23333,-45281,-31195,-13581,8591,-42435,15341,22701,58075,-9055,52777,15461,14529,21449,53429,-29765,-19667,20529,5171,15815,53,49677,13011,-7529,18183,-48757,58087,-61593,2479,59433,12099,-883,-21209,-13193,-29157,-27363,44417,13127,-19961,-61841
28653,33875,36599,-54833,-11329,-19661,51551,47527,47267,-53647,55987,23603,17651,-2967,13165,-32933,-49561,-15273,-46653,-29013,26649,-40221,1703,-14605,-33043,4141,-64065,-59481,-9551,-15759,-21963,35093,905,-43163,-22353,-37881,-54187,-45009,-47859,18765,29841,235,21517,16837,15761,-60607,-60793,19153,64947,26827,1019,-32317,-54329,-63157,-60425,42703,37145,-49303,-947,16521,-2349,-11349,43995,-3727
25765,-18963,-14345,-50641,-11145,-65425,20603,59581,19079,-54943,28447,-19365,-6135,43981,29075,-18475,-58819,-38025,-51281,41833,-31521,-37765,-423,-23309,-37605,-57875,-20275,24081,-7269,54323,42837,-3723,-43967,29245,-40815,-22597,-221,36027,27989,1279,1809,1293,54461,14933,57873,12083,63835,6155,34633,-62025,18257,-41395,-60017,-48549,19611,31141,-41235,-61843,-8921,-53079,-21747,59853,54531,-2035
-42921,-14751,9559,-31815,57383,28583,-27587,-50037,42923,-53017,-32045,-12745,42005,49925,52535,-58711,-53339,-4589,10195,51633,-15303,42147,-55221,15583,30877,-21673,-1969,9081,-63167,-45167,46157,-36869,-9051,-3889,-24011,23079,-3275,-54931,42023,11803,9473,-30623,34837,22687,24551,-42237,3523,41685,-20653,32807,-13773,55429,20265,24249,64439,-1043,-23701,59565,64137,-34559,19703,14819,37273,-51237
873,2591,-29129,53059,43893,56873,42987,-28275,-21605,-45665,-63249,-47335,-15363,5991,-26057,-19497,-5121,45005,9269,13441,-61143,35155,-8977,59687,-48253,11801,46133,-51227,-35183,-48427,-23285,25639,-30411,59653,-22557,-55053,-39985,-16851,-24761,1923,-52419,60463,-47819,33843,29121,25453,44253,-46139,23705,-32479,33405,211,7609,-34085,48363,15711,-38415,22499,6009,9569,6353,22757,31423,45473
11775,-8781,8301,4635,-12701,51005,57297,-34957,6007,-21703,15597,-59587,38071,-8165,15603,-29113,-16719,24173,-27503,-22503,3807,-32149,-50457,-58133,-38193,7393,14583,-64015,-8725,-36969,13933,30339,56835,-9089,13797,-38663,51835,41429,54175,55821,527,-48223,-2919,-31235,50583,32077,34073,20441,33539,-36097,-19661,-63731,47277,50087,22921,-33069,-41823,25999,-15175,-45687,-51497,13415,-36587,4155
-15991,-61427,40475,-42839,48673,-13345,-26153,4961,-43907,-17479,29865,-41019,29957,-8055,-47521,62331,30857,-21695,19219,6407,-43319,34597,46499,-51857,-59997,23153,-4577,27743,-55367,60521,-51861,3953,-4999,-55647,-59563,-23843,-48005,53021,-13967,10365,28471,56279,-49055,-22977,-26283,41741,-65419,-12281,29557,-43963,-34493,-56893,32733,-16295,-58877,-31901,-9925,44051,21935,-27811,55481,51559,64955,-35229
-44333,29559,56367,-8803,42029,-8797,9697,-60697,-1773,23073,30215,-2223,-1765,-30549,42261,-44003,16141,42921,-29221,-59155,26215,9953,-19871,-57539,43273,55987,30655,-14261,50613,-53637,-31835,-18769,-27303,65477,13341,32719,10245,31567,-18371,54247,7025,57041,-18005,45653,-43167,-21051,-29481,29611,-53657,15091,-41251,-5445,48397,-65435,56457,-57355,307,-13817,47391,-11135,-35059,-2311,-36705,-7943
11951,3731,2917,-48831,-6937,63395,24935,-4915,-26645,-11543,48589,-53439,-41711,351,-58731,5721,16045,5807,-42285,46283,-19407,873,64521,63989,-22293,53607,-62461,38785,58453,60963,34653,5145,-23487,51635,-50069,-26539,60335,-22335,11647,-63511,-53969,15265,1803,35233,-397,14783,-34537,-5141,-13297,4375,-52325,-1573,48897,-62525,8399,1817,15753,15171,-4825,53271,-63729,-50159,-33667,-4957
-4165,6959,56643,-15323,-30439,49499,41027,-1707,20409,-56391,10709,-38155,-2215,2275,-25387,-35019,21119,25577,35433,-53211,44411,-19849,49715,-2323,-43189,-62607,-3711,-33289,-235,-2851,3989,-64539,32527,-575,47665,-52575,57147,-1499,-23523,25369,-57503,-6175,-26191,11101,-53029,32523,-5021,-36147,58745,47887,-55723,-38551,-31091,30333,22647,-50315,-40701,-1167,60457,54753,2361,-29975,50229,52021
27101,28639,-10385,46081,5317,49985,18305,-19251,63035,-63899,49699,-5285,52365,-26961,-11427,45111,-51205,-55911,19087,7851,-27309,-37817,35739,-24103,45151,27669,5979,-38115,-53467,565,3511,-36291,2577,-6173,-65295,46283,-13113,7439,-64393,-60805,16161,43657,-43817,61653,35267,-29703,-33897,-10695,27353,1459,17283,35789,38977,-57433,-60871,16513,9625,-24845,-41949,60545,20175,-54485,63843,10561
-31115,24677,-16483,59515,-45429,-33883,-26937,-13767,-42713,9475,62005,57913,-36587,-58379,-49017,23187,47243,2271,-22679,483,62883,-2643,-46959,-51089,2719,-31367,-19401,41133,1377,11469,33111,42631,20995,-39929,62871,2705,50005,18679,40491,-42735,23337,1283,7873,19683,4403,26891,-26795,15067,17127,37473,-47917,-40779,-64349,21997,-42361,-37873,25107,2167,53173,-19659,35289,-54663,-35537,-44327
-52133,-58175,46169,-35947,-54479,41937,-56503,35361,-23853,52181,20023,-59327,-43655,-44643,-59825,25979,-23099,18779,4811,149,24873,155,-12781,-41003,-34791,-19739,-2335,25709,-43157,3917,-24003,31521,1155,-43051,-50527,-61257,23395,62297,-12599,-62629,-36013,-51013,27751,-52689,-32351,25303,27565,33105,17175,-17857,-34541,-21361,-4145,5873,-46671,-3677,-59655,14955,-36043,35339,4073,-15247,-295,39231
-45725,-29037,21945,-61941,-9111,27413,-42903,22075,-43337,-61839,-5921,43511,-5365,-57679,-13851,-3125,38523,-18679,50429,64445,-27937,-38663,43351,56727,23529,-44567,-32429,30163,51803,27663,34733,-17415,-64745,-23219,-31851,38791,-39905,-48717,-49843,28087,17791,-9309,-17935,32065,33147,62441,50309,-47461,-49121,-26879,46571,43847,-65485,54299,33275,44947,4619,49371,56063,-3445,46289,-45407,12249,-31929
-16437,-20169,-19523,-41171,27747,10299,-36475,-10037,-57709,3119,-61761,7815,21505,14925,-21553,51829,-167,-48117,-61805,-10637,-58605,33573,-51097,61649,-33385,22633,-34997,63917,-61903,36315,-40049,-53567,29499,27145,45979,-7209,17449,-53839,37585,-60117,41545,-14805,11321,25853,-36371,-30423,53333,59883,-18699,-26671,-53719,25607,-49129,31765,-38449,28723,-41223,-63471,28041,34791,44643,-49313,-46469,51879
-62145,-27105,-5801,19351,-4471,38575,1873,-35179,-61297,-3619,61977,47939,29503,-40301,45949,-51183,58839,58243,1485,57227,-36415,8823,62723,-61589,-65067,8193,-38339,-18175,-2343,-43789,8185,21979,58733,-14099,12761,-12263,10307,-43127,58253,-26761,1353,-56639,-27407,17695,-52811,23289,-13797,-14359,-17625,9023,-50033,-21705,39065,-24611,22519,20243,48155,62993,15699,15893,3127,963,-1003,-64393
-58043,-27683,39375,-54895,58479,41507,57803,-54443,55571,-17129,-53677,21029,-46235,50171,953,33207,25651,-26109,20589,20011,5625,37939,52941,-40979,-15083,-63131,39811,6691,4239,-51239,-28793,1665,6507,-3627,61965,31945,42099,46673,-10125,39373,-22399,49425,-28775,31137,28501,24445,-45047,-37267,50043,-57873,6275,-46561,-62719,25843,53537,-55933,35823,-52463,31217,-59095,39201,-24981,-31637,-25543
27241,-37975,13615,-18561,-64825,-52037,47057,-52651,-44865,-54507,-48397,-45245,36359,-18327,5895,-6219,-51231,-34363,-34037,-56153,13817,-24263,-17373,-13019,-39039,-54665,56801,16223,-21719,9673,51547,49055,-26573,11195,-60965,13469,31237,4515,-2791,-40513,11697,-64965,15819,4449,961,45545,40635,-41883,52975,-59607,-31965,-42749,-17013,-64987,50655,-1013,30405,44223,32501,12991,-13493,-17335,34573,47673
11063,26271,-21869,49773,49171,36419,65423,-44461,40017,47663,47675,58841,-38737,-12237,-4157,5505,-62793,-45981,60795,28141,-49811,46727,37469,-33237,17991,-341,-18585,-3325,-39333,56515,-5405,58551,-2313,60553,-31903,27047,30427,28175,52981,-28055,11051,8095,-54707,-919,22175,-64689,-59811,797,-27557,60487,39305,21947,-23083,27975,38581,39101,-9943,-57369,16423,3823,33963,-57585,-65255,53203
-29565,-10481,-60595,-5535,-26017,-12865,48927,50009,-36831,41501,24141,15393,49559,63471,-8771,-17143,44403,-25305,-41125,-54927,-29123,-39479,-46375,-5185,-39861,29013,-10987,33731,-22981,-34041,9835,-31953,-24507,5133,-32809,-7071,47287,26323,387,27637,62421,36865,-40191,50723,31287,-3807,-17607,43351,-10461,27049,-65273,-47461,23033,5571,-13283,35979,23721,32561,-25001,28509,-39937,63253,-3291,-64505
-44949,30161,-58371,-46281,-4457,2447,-20901,-1911,-60299,62849,12255,8507,59187,4159,-8879,61829,-13117,6053,23687,-2847,62477,-13413,-52845,45899,20085,-681,-28981,-23839,34563,-55259,26113,-63415,-6381,37057,-23925,21503,50609,19883,20755,1207,48845,-9749,58199,56235,9225,1865,32983,64037,-447,-39077,36805,2219,-43835,23733,-14735,-45957,-55837,14189,-63021,-13585,-58221,55415,53607,-52149
1803,-27437,-24085,18435,-63307,-37579,-20699,53145,-22215,55471,389,-6223,4495,-2019,21339,53393,19789,11939,1437,-25491,52439,-27293,-28701,35437,-42457,39863,-37175,24853,-15503,-43885,-35331,18439,-62949,14271,-61897,3411,52479,-16249,-8203,-43641,62727,-6539,-51051,49509,16445,45599,19113,47485,-63393,-27707,23207,54383,12633,64579,55773,31859,43911,-39495,18505,-6267,58511,-8217,-7673,-39557
-39365,-28469,3317,-5679,-21849,-18889,51443,11785,38247,-5661,-52691,-58847,18055,39667,-59113,2579,33745,-52749,13215,10729,51727,-3013,-38435,-49091,17533,44263,49607,-55303,5685,-57251,39025,-39693,-28483,25589,-23857,-17985,52727,34803,35203,14939,-49055,42327,18049,-9245,9867,35033,-19633,7343,20033,50409,62453,-13637,-10171,-16525,16811,-28771,-36705,58147,24557,-8763,55397,11551,-26933,-11627
